GaitID
22
GaitRate
30
GaitDescription
 
zero_point
0,0,0,0,-7,0,0,-12,9,0,0,4,0,0,0,10,0,0,0,0,0,0,20,0,0
Gait_Frame
0,0,0,0,0,0,0,0,0,0,0,0,0,0,0,0,0,0,0,0,0,0,0,0,0,20
0,0,0,138,0,-149,0,138,2,-149,0,0,0,0,41,-21,0,0,0,0,0,41,-21,0,0,20
0,0,0,11,0,-159,0,11,2,-149,0,-69,0,0,69,-41,0,0,-69,0,0,69,-41,0,0,20
0,0,0,-25,2,-159,0,-25,0,-149,0,-104,0,0,138,-79,0,0,-104,0,0,138,-79,0,0,10
0,0,0,-25,2,-23,0,-25,-3,-23,0,-104,0,0,132,-59,0,0,-104,0,0,132,-59,0,0,20
0,0,0,-25,2,-68,0,-25,0,-66,0,-84,0,0,100,-40,0,0,-84,0,0,100,-40,0,0,30
0,0,0,0,0,0,0,0,0,0,0,0,0,0,42,-31,0,0,0,0,0,42,-31,0,0,40
