GaitID
23
GaitRate
30
GaitDescription
 
zero_point
0,0,0,0,-7,0,0,-12,9,0,0,4,0,0,0,10,0,0,0,0,0,0,20,0,0
Gait_Frame
0,0,0,0,0,0,0,0,0,0,0,0,0,0,0,0,0,0,0,0,0,0,0,0,0,30
0,0,0,0,-7,0,0,0,4,0,0,0,0,0,0,0,-14,0,0,7,0,0,0,-15,0,25
0,0,0,48,0,0,0,-40,3,0,0,0,-4,0,0,0,-14,0,0,7,0,0,0,-10,0,26
0,0,0,37,0,0,0,-40,3,0,0,0,-4,0,0,-6,-14,0,46,7,2,0,22,-2,0,20
0,0,0,-38,0,0,0,42,3,0,0,-4,-4,0,0,8,-13,0,-54,7,7,-16,26,-9,0,1
0,0,0,-38,0,0,0,42,3,0,0,0,-4,0,0,8,-13,0,-40,7,7,0,26,-15,0,30
0,0,0,48,0,0,0,-40,3,0,0,0,-4,0,0,1,-14,0,-6,7,0,0,18,-10,0,30
0,0,0,0,0,0,0,0,0,0,0,0,0,0,0,0,0,0,0,0,0,0,0,0,0,30
