GaitID
30
GaitRate
30
GaitDescription
 
zero_point
0,0,0,0,-7,0,0,-12,9,0,0,4,0,0,0,10,0,0,0,0,0,0,20,0,0
Gait_Frame
0,0,0,0,0,0,0,0,0,0,0,0,0,0,0,0,0,0,0,0,0,0,0,0,0,30
0,0,0,0,-4,0,0,0,7,0,0,0,-14,0,0,0,18,0,0,-3,0,0,0,14,0,25
0,0,0,-23,-1,-20,0,55,-2,0,0,-26,-14,0,38,-27,8,0,-7,0,-3,-4,3,14,0,35
0,0,0,-23,-1,-20,0,55,-2,0,0,17,-14,0,38,12,4,0,-16,0,-3,-4,3,14,0,30
0,0,0,34,0,0,0,-70,3,0,0,-55,-13,-11,-1,12,7,0,-4,0,-3,0,9,13,0,1
0,0,0,34,0,0,0,-70,3,0,0,-55,-13,-11,-1,12,7,0,-4,0,-3,0,9,13,0,50
0,0,0,-23,-1,-34,0,38,-2,0,0,-30,-7,0,28,-18,8,0,-9,0,-3,-4,6,14,0,40
0,0,0,0,0,0,0,0,0,0,0,0,0,0,0,0,0,0,0,0,0,0,0,0,0,40
