GaitID
4
GaitRate
30
GaitDescription
\u521d\u59cb\u96f6\u70b9
zero_point
0,0,0,0,-7,0,0,-12,9,0,0,1,0,0,0,10,0,0,0,0,0,0,20,0,0
Gait_Frame
0,0,0,0,0,0,0,0,0,0,0,0,0,0,0,0,0,0,0,0,0,0,0,0,0,30
0,0,0,0,0,0,0,0,0,0,0,0,0,0,0,0,-13,0,0,6,0,0,0,-34,0,30
0,0,0,0,0,0,0,0,0,0,0,0,0,0,0,0,-14,0,0,6,0,0,0,-34,0,30
0,0,0,0,0,0,0,0,0,0,0,0,0,0,0,0,-14,0,0,6,0,0,0,-10,0,30
0,0,0,0,0,0,0,0,0,0,0,0,0,0,0,0,-14,0,21,5,-7,25,-24,-10,0,30
0,0,0,0,0,0,0,0,0,0,0,20,0,0,0,5,-14,0,-29,4,0,-19,9,-2,0,4
0,0,0,0,0,0,0,0,0,0,0,0,0,0,0,0,-14,0,4,6,0,0,0,-10,0,30
0,0,0,0,0,0,0,0,0,0,0,0,0,0,0,0,0,0,0,0,0,0,0,0,0,30
