GaitID
40
GaitRate
30
GaitDescription
 
zero_point
0,0,0,0,-7,0,0,-12,9,0,0,1,0,0,0,10,0,0,0,0,0,0,20,0,0
Gait_Frame
0,0,0,0,0,0,0,0,0,0,0,0,0,0,0,0,0,0,0,0,0,0,0,0,0,30
0,0,0,0,0,0,0,0,0,0,0,0,-5,0,0,0,26,0,0,0,0,0,0,13,0,30
0,0,0,0,0,0,0,0,0,0,0,0,-5,0,0,0,26,0,0,0,0,0,0,13,0,30
0,0,0,0,0,0,0,0,0,0,0,0,-5,0,0,0,14,0,0,0,0,0,0,13,0,30
0,0,0,0,0,0,0,0,0,0,0,18,-5,0,20,-16,14,0,0,0,0,0,0,13,0,30
0,0,0,0,0,0,0,0,0,0,0,-23,-5,0,20,-4,14,0,23,0,0,0,0,13,0,10
0,0,0,0,0,0,0,0,0,0,0,3,-5,0,0,-5,10,0,0,0,0,0,0,13,0,30
0,0,0,0,0,0,0,0,0,0,0,0,0,0,0,0,0,0,0,0,0,0,0,0,0,30
