GaitID
69
GaitRate
80
GaitDescription
 
zero_point
0,0,0,1,-18,0,0,0,21,0,0,-5,0,-3,0,-1,0,0,-4,0,-1,-12,-2,2,0
Gait_Frame
0,0,0,0,0,0,0,0,0,0,0,0,0,0,0,0,0,0,0,0,0,0,0,0,0,30
0,-1,0,0,0,0,0,0,0,0,0,0,12,0,0,0,-12,0,0,12,0,0,0,-12,0,30
0,-1,0,0,0,0,0,0,0,0,0,0,0,0,0,0,-13,0,0,0,-1,0,0,-23,0,30
0,-1,0,0,0,0,0,0,0,0,0,0,0,0,0,0,-13,0,0,0,-1,0,0,-23,0,30
0,-1,0,0,0,0,0,0,0,0,0,0,0,0,-9,0,-13,0,34,0,0,10,-15,0,0,20
0,-1,0,0,0,0,0,0,0,0,0,0,0,0,-9,0,-13,0,34,3,0,11,-15,0,0,20
0,-1,0,0,0,0,0,0,0,0,0,-2,0,0,10,0,-13,0,-35,5,0,0,11,-1,0,4
0,-1,0,0,0,0,0,0,0,0,0,0,0,0,0,0,-13,0,0,0,0,0,0,0,0,30
0,-1,0,0,0,0,0,0,0,0,0,0,0,0,0,0,0,0,0,0,0,0,0,0,0,30
