GaitID
2
GaitRate
30
GaitDescription
前向跌倒爬起
zero_point
0,0,0,0,-16,0,0,0,21,0,0,-3,1,-3,0,-2,-2,0,-2,-1,-1,0,-3,1,0
Gait_Frame
0,0,0,0,0,0,0,0,0,0,0,0,0,0,0,0,0,0,0,0,0,0,0,0,0,30
0,0,0,62,0,-146,0,75,0,-152,0,-71,0,0,76,0,0,0,-67,0,0,87,0,0,0,30
0,0,0,-55,0,-146,0,-56,0,-152,0,-71,0,0,76,-79,0,0,-67,0,0,79,-81,0,0,30
0,0,0,-79,0,-104,0,-78,0,-101,0,-108,0,0,127,-79,0,0,-115,0,0,133,-81,0,0,10
0,0,0,-58,0,-25,0,-58,0,-26,0,-97,0,0,127,-82,0,0,-92,0,0,133,-81,0,0,30
0,0,0,-58,0,3,0,-58,0,-1,0,-97,0,0,127,-61,0,0,-92,0,0,133,-63,0,0,30
0,0,0,-2,0,-11,0,2,0,-16,0,-60,0,0,98,-55,0,0,-59,0,0,97,-49,0,0,30
0,0,0,-2,0,-11,0,2,0,-16,0,-39,0,0,47,-22,0,0,-39,0,0,56,-24,0,0,30
