GaitID
20
GaitRate
80
GaitDescription
 
zero_point
0,0,0,1,-18,0,0,0,21,0,0,-7,0,-1,0,-2,0,0,-4,0,0,-12,-2,3,0
Gait_Frame
0,0,0,0,0,0,0,0,0,0,0,0,0,0,0,0,0,0,0,0,0,0,0,0,0,50
0,-1,0,0,0,0,0,0,0,0,0,0,0,0,0,0,-13,0,0,0,-1,0,0,-29,0,50
0,-1,0,0,0,0,0,0,0,0,0,0,0,0,0,0,-13,0,0,0,-1,0,0,-23,0,50
0,-1,0,0,0,0,0,0,0,0,0,0,0,0,0,0,-13,0,0,0,-1,0,0,-23,0,50
0,-1,0,0,0,0,0,0,0,0,0,0,0,0,-9,0,-13,0,30,0,0,0,-15,0,0,30
0,-1,0,0,0,0,0,0,0,0,0,0,0,0,-9,0,-13,0,30,3,0,0,-20,0,0,30
0,-1,0,0,0,0,0,0,0,0,0,0,0,0,10,0,-13,0,-40,5,0,0,13,0,0,10
0,-1,0,0,0,0,0,0,0,0,0,0,0,0,0,0,-13,0,0,0,0,0,0,0,0,50
0,-1,0,0,0,0,0,0,0,0,0,0,0,0,0,0,0,0,0,0,0,0,0,0,0,50
