GaitID
3
GaitRate
30
GaitDescription
 
zero_point
0,0,0,1,-18,0,0,0,21,0,0,-4,0,-1,0,-2,0,0,-4,0,0,-12,-2,0,0
Gait_Frame
0,0,0,0,0,0,0,0,0,0,0,0,0,0,0,0,0,0,0,0,0,0,0,0,0,100
0,0,0,0,0,0,0,0,0,0,0,0,0,0,0,0,23,0,0,0,0,0,0,13,0,30
0,0,0,0,0,0,0,0,0,0,0,24,0,0,0,-14,7,0,1,0,0,0,0,13,0,30
0,0,0,0,0,0,0,0,0,0,0,24,0,0,16,-22,7,0,0,0,0,0,0,13,0,30
0,0,0,0,0,0,0,0,0,0,0,-37,0,0,16,23,7,0,22,0,0,0,0,13,0,10
0,0,0,0,0,0,0,0,0,0,0,0,0,0,0,0,0,0,0,0,0,0,0,13,0,30
0,0,0,0,0,0,0,0,0,0,0,0,0,0,0,0,0,0,0,0,0,0,0,0,0,30
