GaitID
30
GaitRate
30
GaitDescription
 
zero_point
0,0,0,1,-18,0,0,0,21,0,0,-7,0,-1,0,-2,0,0,-4,0,0,-12,-2,3,0
Gait_Frame
0,0,0,0,0,0,0,0,0,0,0,0,0,0,0,0,0,0,0,0,0,0,0,0,0,60
0,0,0,0,0,0,0,0,0,0,0,0,-6,0,0,0,28,0,0,0,0,0,0,11,0,60
0,0,0,0,0,0,0,0,0,0,0,0,-6,0,0,0,23,0,0,0,0,0,0,11,0,30
0,0,0,0,0,0,0,0,0,0,0,24,-6,0,0,-14,7,0,1,0,0,0,0,11,0,30
0,0,0,0,0,0,0,0,0,0,0,-37,-6,-1,16,23,3,0,22,0,0,0,0,11,0,10
0,0,0,0,0,0,0,-1,-5,0,0,0,0,0,0,0,0,0,0,0,0,0,0,11,0,30
0,0,0,0,0,0,0,0,0,0,0,0,0,0,0,0,0,0,0,0,0,0,0,0,0,30
