GaitID
4
GaitRate
80
GaitDescription
 
zero_point
0,0,0,1,-18,0,0,0,21,0,0,-4,0,-1,0,-2,0,0,-4,0,0,-12,-2,0,0
Gait_Frame
0,0,0,0,0,0,0,0,0,0,0,0,0,0,0,0,0,0,0,0,0,0,0,0,0,100
0,-1,0,0,0,0,0,0,0,0,0,0,0,0,0,0,-11,0,0,0,-1,0,0,-16,0,50
0,-1,0,0,0,0,0,0,0,0,0,0,0,0,0,0,-12,0,22,0,0,0,0,0,0,50
0,-1,0,0,0,0,0,0,0,0,0,0,0,0,0,0,-12,0,40,0,0,11,-15,0,0,31
0,-1,0,0,0,0,0,0,0,0,0,0,0,0,10,0,-12,0,-40,0,0,0,13,0,0,12
0,-1,0,0,0,0,0,0,0,0,0,0,0,0,0,0,-12,0,0,0,0,0,0,0,0,50
0,-1,0,0,0,0,0,0,0,0,0,0,0,0,0,0,0,0,0,0,0,0,0,0,0,50
